c000 0 064 0 50 55 000c000 0000000 1 064
c000 0 064 0 51 55 000c000 0000000 1 064
c000 0 064 0 52 55 000c000 0000000 1 064
c000 0 064 0 53 55 000c000 0000000 1 064
c000 0 064 0 54 55 000c000 0000000 1 064
c000 0 064 0 55 55 000c000 0000000 1 064
c000 0 064 0 56 55 000c000 0000001 1 064
c000 0 064 0 57 55 000c000 0000003 1 064
c000 0 064 0 58 55 000c000 0000006 1 064
c000 0 064 0 59 55 000c000 000000d 1 064
c000 0 064 0 5a 55 000c000 000001a 1 064
c000 0 064 0 5b 55 000c000 0000035 1 064
c000 0 064 0 5c 55 000c000 000006a 1 064
c000 0 064 0 5d 55 000c000 00000d5 0 064
c000 0 064 0 5e 55 000c000 00001aa 0 064
c000 0 064 0 5f 55 000c000 0000354 0 064
c000 0 064 0 60 55 000c000 00006a8 0 064
c000 0 064 0 61 55 000c000 0000d50 0 064
c000 0 064 0 62 55 000c000 0001aa0 0 064
c000 0 064 0 63 55 000c000 0003540 0 064
c000 0 064 0 64 55 000c000 0006a80 0 064
c000 0 064 0 65 55 000c000 000d500 0 064
c000 0 064 0 66 55 000c000 001aa00 0 064
c000 0 064 0 67 55 000c000 0035400 0 064
c000 0 064 0 68 55 000c000 006a800 0 064
c000 0 064 0 69 55 000c000 00d5000 0 064
c000 0 064 0 6a 55 000c000 01aa000 0 064
c000 0 064 0 6b 55 000c000 0354000 0 064
c000 0 064 0 6c 55 000c000 06a8000 0 064
c000 0 064 0 6d 55 000c000 0d50000 0 064
c000 0 064 0 6e 55 000c000 1aa0000 0 064
c000 0 064 0 6f 55 000c000 3540000 0 064
c000 0 064 0 70 55 0000000 3540000 1 065
c000 0 064 0 71 55 0000000 3540000 1 066
c000 0 064 0 72 55 0000000 3540000 1 067
c000 0 064 0 73 55 0000000 3540000 1 068
c000 0 064 0 74 55 0000000 3540000 1 069
c000 0 064 0 75 55 0000000 3540000 1 06a
c000 0 064 0 76 55 0000000 3540000 1 06b
c000 0 064 0 77 55 0000000 3540000 1 06c
c000 0 064 0 78 55 0000000 3540000 1 06d
